4294967293,131
4294967293,130
4294967293,129
4294967293,128
4294967293,127
4294967293,126
4294967293,125
4294967293,124
4294967293,123
4294967293,122
4294967293,121
4294967293,120
4294967293,119
4294967293,118
4294967293,117
4294967293,116
4294967293,115
4294967293,114
4294967293,113
4294967293,112
4294967293,111
4294967293,110
4294967293,109
4294967293,108
4294967293,107
4294967293,106
4294967293,105
4294967293,104
4294967293,103
4294967293,102
4294967293,101
4294967293,100
4294967293,99
4294967293,98
4294967293,97
4294967293,96
4294967293,95
4294967293,94
4294967293,93
4294967293,92
4294967293,91
4294967293,90
4294967293,89
4294967293,87
4294967293,86
4294967293,85
4294967293,84
4294967293,83
4294967293,82
4294967293,81
4294967293,80
4294967293,79
4294967293,78
4294967293,77
4294967293,76
4294967293,75
4294967293,74
4294967293,73
4294967293,72
4294967293,71
4294967293,70
4294967293,69
4294967293,68
4294967293,67
4294967293,66
4294967293,65
4294967293,64
4294967293,63
4294967293,62
4294967293,61
4294967293,60
4294967293,59
4294967293,58
4294967293,57
4294967293,56
4294967293,55
4294967293,54
4294967293,53
4294967293,52
4294967293,51
4294967293,50
4294967293,49
4294967293,48
4294967293,47
4294967293,46
4294967293,45
4294967293,44
4294967293,43
4294967293,42
4294967293,41
4294967293,40
4294967293,39
4294967293,38
4294967293,37
4294967293,36
4294967293,35
4294967293,34
4294967293,33
4294967293,32
4294967293,31
4294967293,30
4294967293,29
4294967293,28
4294967293,27
4294967293,26
4294967293,25
4294967293,24
4294967293,23
4294967293,22
4294967293,21
4294967293,20
4294967293,19
4294967293,18
4294967293,17
4294967293,16
4294967293,15
4294967293,14
4294967293,13
4294967293,12
4294967293,11
4294967293,10
4294967293,9
4294967293,8
4294967293,7
4294967293,6
4294967293,5
4294967293,4
4294967293,3
4294967278,345
4294967278,132
4294967278,344
4294967278,131
4294967278,130
4294967278,342
4294967278,129
4294967278,128
4294967278,341
4294967278,127
4294967278,126
4294967278,339
4294967278,125
4294967278,338
4294967278,124
4294967278,337
4294967278,123
4294967278,336
4294967278,122
4294967278,335
4294967278,119
4294967278,117
4294967278,334
4294967278,114
4294967278,333
4294967278,111
4294967278,332
4294967278,108
4294967278,331
4294967278,102
4294967278,330
4294967278,101
4294967278,329
4294967278,100
4294967278,328
4294967278,98
4294967278,97
4294967278,96
4294967278,95
4294967278,94
4294967278,93
4294967278,92
4294967278,91
4294967278,90
4294967278,89
4294967278,87
4294967278,86
4294967278,85
4294967278,84
4294967278,83
4294967278,82
4294967278,81
4294967278,80
4294967278,78
4294967278,77
4294967278,76
4294967278,74
4294967278,73
4294967278,70
4294967278,68
4294967278,67
4294967278,66
4294967278,65
4294967278,64
4294967278,260
4294967278,61
4294967278,60
4294967278,58
4294967278,57
4294967278,54
4294967278,174
4294967278,2
4294967278,88
4294967278,53
4294967278,52
4294967278,50
4294967278,49
4294967278,47
4294967278,46
4294967278,44
4294967278,348
4294967278,352
4294967278,9
4294967278,351
4294967278,8
4294967278,350
4294967278,7
4294967278,349
4294967278,6
4294967278,347
4294967278,5
4294967278,346
4294967278,4
4294967279,131
4294967279,130
4294967279,127
4294967279,126
4294967279,125
4294967279,124
4294967279,341
4294967279,122
4294967279,340
4294967279,121
4294967279,339
4294967279,120
4294967279,119
4294967279,118
4294967279,338
4294967279,117
4294967279,337
4294967279,116
4294967279,336
4294967279,115
4294967279,335
4294967279,114
4294967279,334
4294967279,113
4294967279,333
4294967279,112
4294967279,332
4294967279,111
4294967279,331
4294967279,110
4294967279,330
4294967279,109
4294967279,329
4294967279,108
4294967279,328
4294967279,107
4294967279,327
4294967279,106
4294967279,326
4294967279,105
4294967279,325
4294967279,104
4294967279,324
4294967279,102
4294967279,323
4294967279,101
4294967279,322
4294967279,99
4294967279,97
4294967279,96
4294967279,95
4294967279,94
4294967279,93
4294967279,92
4294967279,91
4294967279,90
4294967279,89
4294967279,87
4294967279,86
4294967279,85
4294967279,84
4294967279,83
4294967279,82
4294967279,81
4294967279,80
4294967279,79
4294967279,78
4294967279,77
4294967279,76
4294967279,75
4294967279,74
4294967279,73
4294967279,72
4294967279,71
4294967279,70
4294967279,69
4294967279,68
4294967279,67
4294967279,66
4294967279,65
4294967279,64
4294967279,63
4294967279,62
4294967279,61
4294967279,60
4294967279,59
4294967279,58
4294967279,57
4294967279,56
4294967279,55
4294967279,54
4294967279,53
4294967279,52
4294967279,51
4294967279,50
4294967279,49
4294967279,48
4294967279,47
4294967279,46
4294967279,45
4294967279,44
4294967279,43
4294967279,42
4294967279,41
4294967279,40
4294967279,39
4294967279,38
4294967279,37
4294967279,36
4294967279,35
4294967279,13
4294967279,12
4294967279,10
4294967279,9
4294967279,8
4294967279,6
4294967279,5
4294967294,438
4294967294,437
4294967294,436
4294967294,435
4294967294,434
4294967294,82
4294967294,422
4294967294,80
4294967294,433
4294967294,432
4294967294,430
4294967294,431
4294967294,426
4294967294,425
4294967294,416
4294967294,415
4294967294,414
4294967294,421
4294967294,346
4294967294,345
4294967294,344
4294967294,343
4294967294,342
4294967294,340
4294967294,339
4294967294,338
4294967294,337
4294967294,336
4294967294,335
4294967294,334
4294967294,333
4294967294,332
4294967294,331
4294967294,341
4294967294,330
4294967294,820
4294967294,517
4294967294,441
4294967294,864
4294967294,533
4294967294,541
4294967294,451
4294967294,527
4294967294,191
4294967294,520
4294967294,386
4294967294,184
4294967294,575
4294967294,521
4294967294,585
21,4
21,0
4294967294,428
4294967294,427
4294967294,429
4294967294,423
4294967294,424
4294967294,420
4294967294,46
4294967294,419
4294967294,417
4294967294,418
4294967294,50
4294967294,52
4294967294,51
4294967294,42
4294967294,565
4294967294,7
4294967294,6
4294967294,452
4294967294,555
4294967294,556
4294967294,514
4294967294,523
4294967294,530
4294967294,439
4294967294,583
4294967294,442
4294967294,584
4294967294,3
4294967294,185
4294967294,187
4294967294,440
4294967294,391
4294967294,525
4294967294,392
4294967294,25
4294967294,526
4294967294,44
4294967294,43
4294967294,1
4294967294,446
4294967294,394
4294967294,387
4294967294,24
4294967294,329
4294967294,328
4294967294,327
4294967294,326
4294967294,325
4294967294,323
4294967294,322
4294967294,321
4294967294,320
4294967294,319
4294967294,318
4294967294,317
4294967294,9
4294967294,316
4294967294,315
4294967294,314
4294967294,324
4294967294,313
4294967294,312
4294967294,311
4294967294,310
4294967294,309
4294967294,8
4294967294,308
4294967294,306
4294967294,305
4294967294,304
4294967294,303
4294967294,302
4294967294,301
4294967294,300
4294967294,299
4294967294,298
4294967294,0
4294967294,2
4294967294,297
4294967294,307
4294967294,296
4294967294,4
4294967278,306
4294967279,308
4294967278,305
4294967279,307
4294967278,304
4294967279,306
4294967278,302
4294967279,304
4294967278,301
4294967279,303
4294967278,300
4294967279,302
4294967278,299
4294967279,301
4294967278,298
4294967279,300
4294967278,297
4294967279,299
4294967278,296
4294967279,298
4294967278,295
4294967279,297
4294967278,294
4294967279,296
4294967278,293
4294967279,295
4294967278,292
4294967279,294
4294967278,291
4294967279,293
4294967279,292
4294967279,291
4294967278,290
4294967278,289
4294967278,288
4294967278,287
4294967279,289
4294967278,286
4294967279,288
4294967278,285
4294967279,287
4294967278,283
4294967279,286
4294967279,285
4294967279,284
4294967279,283
4294967279,282
4294967278,282
4294967279,281
4294967278,281
4294967279,280
4294967278,280
4294967278,279
4294967278,278
4294967279,278
4294967278,277
4294967279,277
4294967278,276
4294967279,276
4294967279,275
4294967278,275
4294967279,274
4294967278,274
4294967278,273
4294967279,273
4294967278,272
4294967279,272
4294967278,271
4294967279,271
4294967278,270
4294967279,270
4294967278,269
4294967279,269
4294967278,268
4294967279,268
4294967278,267
4294967279,267
4294967278,266
4294967279,266
4294967278,265
4294967279,231
4294967279,230
4294967278,175
4294967279,176
4294967278,172
4294967279,164
4294967279,163
4294967279,161
4294967279,160
4294967279,157
4294967279,154
4294967294,295
4294967294,294
4294967294,293
4294967294,292
4294967294,291
4294967294,289
4294967294,288
4294967294,287
4294967294,286
4294967294,285
4294967294,284
4294967294,283
4294967294,282
4294967294,281
4294967294,280
4294967294,290
4294967294,279
4294967294,278
4294967294,277
4294967294,276
4294967294,275
4294967294,274
4294967294,272
4294967294,271
4294967294,270
4294967294,269
4294967294,268
4294967294,267
4294967294,266
4294967294,265
4294967294,264
4294967294,263
4294967294,273
4294967294,262
4294967294,261
4294967294,260
4294967294,259
4294967294,258
4294967294,257
4294967294,255
4294967294,254
4294967294,253
4294967294,252
4294967294,251
4294967294,250
4294967294,249
4294967294,248
4294967294,247
4294967294,246
4294967294,256
4294967294,245
4294967294,244
4294967294,243
4294967294,242
4294967294,241
4294967294,240
4294967294,238
4294967294,237
4294967294,236
4294967294,235
4294967294,234
4294967294,233
4294967294,232
4294967294,231
4294967294,230
4294967294,229
4294967294,239
4294967294,228
4294967294,227
4294967294,226
4294967294,225
4294967294,224
4294967294,223
4294967294,221
4294967294,220
4294967294,219
4294967294,218
4294967294,217
4294967294,216
4294967294,215
4294967294,214
4294967294,213
4294967294,212
4294967294,222
4294967294,211
4294967294,210
4294967294,209
4294967294,208
4294967294,207
4294967294,206
4294967294,204
4294967294,203
4294967294,202
4294967294,201
4294967294,200
4294967294,199
4294967294,198
4294967294,197
4294967294,196
4294967294,195
4294967294,205
4294967294,194
4294967294,193
4294967294,192
4294967294,155
4294967294,154
4294967294,153
4294967294,151
4294967294,150
4294967294,149
4294967294,148
4294967294,147
4294967294,146
4294967294,145
4294967294,144
4294967294,143
4294967294,142
4294967294,152
4294967294,141
4294967294,140
4294967294,139
4294967294,138
4294967294,137
4294967294,136
4294967294,134
4294967294,133
4294967294,132
4294967294,131
4294967294,130
4294967294,129
4294967294,128
4294967294,127
4294967294,126
4294967294,125
4294967294,135
4294967294,124
4294967294,885
4294967294,884
4294967294,1240
4294967294,871
4294967294,1244
4294967278,146
4294967294,58
4294967294,57
4294501266,0
4294967294,460
4294967294,650
4294967294,573
4294967294,459
4294967278,145
4294967294,458
4294967294,457
4294967278,144
4294967294,456
4294967278,143
4294967294,363
4294967294,362
4294967294,361
4294967294,360
4294967294,359
4294967294,358
4294967294,357
4294967294,356
4294967294,355
4294967294,354
4294967294,353
4294967294,352
4294967294,351
4294967294,350
4294967294,349
4294967294,348
4294967294,347
4294967279,462
0,5
4294967294,402
4294967294,406
4294967294,407
4294967294,408
4294967294,409
4294967294,410
4294967294,411
4294967294,412
4294967294,413
4294967294,448
4294967294,449
4294967294,450
4294967278,407
4294967278,29
4294967279,26
4294967279,461
4294967279,25
4294967279,460
4294967279,21
4294967294,118
4294967294,117
4294967278,406
4294967278,20
4294967279,20
4294967278,405
4294967278,19
4294967279,459
4294967279,19
4294967279,18
4294967279,17
4294967279,16
4294967279,15
4294967294,389
4294967279,14
4294967279,88
4294967279,260
4294967279,2
4294967279,458
4294967294,1218
4294967294,1217
4294967279,457
4294967294,1216
4294967294,1727
4294967294,1726
4294967294,1718
4294967294,1725
4294967294,1724
4294967294,1721
4294967294,1723
4294967294,1722
4294967279,456
4294967279,174
4294967294,1720
4294967294,1719
4294967294,1675
4294967294,1717
4294967294,1716
4294967294,1768
4294967294,1767
4294967294,1766
4294967294,1765
4294967294,1764
4294967294,1763
4294967294,1762
4294967294,1761
4294967294,1760
4294967294,1759
4294967294,1758
4294967294,1757
4294967294,1756
4294967294,1755
4294967294,1754
4294967294,1753
4294967294,1752
4294967294,1751
4294967294,1750
4294967294,1749
4294967294,1748
4294967294,1747
4294967294,1715
4294967294,1700
4294967294,1746
4294967294,1745
4294967294,1744
4294967294,1743
4294967294,1742
4294967294,1741
4294967294,1740
4294967294,1714
4294967294,1739
4294967294,1688
4294967294,1738
4294967294,1737
4294967294,1736
4294967294,1735
4294967294,1734
4294967294,1733
4294967294,1732
4294967294,1731
4294967294,1713
4294967294,1730
4294967294,1729
4294967294,1728
4294967294,1712
4294967294,1711
4294967294,1710
4294967294,1709
4294967294,1708
4294967294,1707
4294967294,1706
4294967294,1705
4294967294,1704
4294967294,1703
4294967294,1702
4294967294,1701
4294967294,1689
4294967294,1699
4294967294,1698
4294967294,1697
4294967294,1696
4294967294,1695
4294967294,1694
4294967294,1693
4294967294,1692
4294967294,1691
4294967294,1690
4294967294,1671
4294967294,1687
4294967294,1686
4294967294,1685
4294967294,1684
4294967294,1683
4294967294,1682
4294967294,1681
4294967294,1680
4294967294,1679
4294967279,256
4294967294,1678
4294967294,1677
4294967294,661
4294967279,11
4294967279,255
4294967294,1676
